0.9993977281025862 0.524533837163709
1.0 0.5 0

0.9975923633360985 0.5490085701647803
1.0 0.5 

0.9903926402016152 0.5975451610080641
1.0 0.5 

0.9619397662556434 0.6913417161825449
1.0 0.5 

0.8535533905932737 0.8535533905932737
1.0 0.5 

0.5 1.0
1.0 0.5 

0.0 0.5000000000000001
1.0 0.5 

0.9975923633360985 0.5490085701647803
0.9993977281025862 0.524533837163709 1

0.9945882549823906 0.5733652372276808
0.9993977281025862 0.524533837163709 

0.985015626597272 0.6214900899516319
0.9993977281025862 0.524533837163709 

0.9519946465617217 0.713777546715141
0.9993977281025862 0.524533837163709 

0.8357794774235092 0.8704755626774796
0.9993977281025862 0.524533837163709 

0.475466162836291 0.9993977281025862
0.9993977281025862 0.524533837163709 

6.022718974137975E-4 0.4754661628362911
0.9993977281025862 0.524533837163709 

0.9945882549823906 0.5733652372276808
0.9975923633360985 0.5490085701647803 2

0.9903926402016152 0.5975451610080641
0.9975923633360985 0.5490085701647803 

0.9784701678661044 0.6451423386272311
0.9975923633360985 0.5490085701647803 

0.9409606321741775 0.7356983684129988
0.9975923633360985 0.5490085701647803 

0.8171966420818227 0.8865052266813684
0.9975923633360985 0.5490085701647803 

0.45099142983521967 0.9975923633360985
0.9975923633360985 0.5490085701647803 

0.0024076366639015356 0.4509914298352197
0.9975923633360985 0.5490085701647803 

0.9903926402016152 0.5975451610080641
0.9945882549823906 0.5733652372276808 3

0.985015626597272 0.6214900899516319
0.9945882549823906 0.5733652372276808 

0.9707720325915103 0.66844492669611
0.9945882549823906 0.5733652372276808 

0.9288643050001361 0.7570513720966108
0.9945882549823906 0.5733652372276808 

0.7978496522462167 0.9016037657403224
0.9945882549823906 0.5733652372276808 

0.42663476277231915 0.9945882549823906
0.9945882549823906 0.5733652372276808 

0.005411745017609493 0.4266347627723192
0.9945882549823906 0.5733652372276808 

0.985015626597272 0.6214900899516319
0.9903926402016152 0.5975451610080641 4

0.9784701678661044 0.6451423386272311
0.9903926402016152 0.5975451610080641 

0.9619397662556434 0.6913417161825449
0.9903926402016152 0.5975451610080641 

0.9157348061512727 0.7777851165098011
0.9903926402016152 0.5975451610080641 

0.7777851165098011 0.9157348061512727
0.9903926402016152 0.5975451610080641 

0.4024548389919359 0.9903926402016152
0.9903926402016152 0.5975451610080641 

0.009607359798384785 0.4024548389919358
0.9903926402016152 0.5975451610080641 

0.9784701678661044 0.6451423386272311
0.985015626597272 0.6214900899516319 5

0.9707720325915103 0.66844492669611
0.985015626597272 0.6214900899516319 

0.9519946465617217 0.713777546715141
0.985015626597272 0.6214900899516319 

0.9016037657403224 0.7978496522462166
0.985015626597272 0.6214900899516319 

0.7570513720966108 0.9288643050001361
0.985015626597272 0.6214900899516319 

0.3785099100483681 0.985015626597272
0.985015626597272 0.6214900899516319 

0.014984373402728013 0.3785099100483681
0.985015626597272 0.6214900899516319 

0.9707720325915103 0.66844492669611
0.9784701678661044 0.6451423386272311 6

0.9619397662556434 0.6913417161825449
0.9784701678661044 0.6451423386272311 

0.9409606321741775 0.7356983684129988
0.9784701678661044 0.6451423386272311 

0.8865052266813684 0.8171966420818227
0.9784701678661044 0.6451423386272311 

0.735698368412999 0.9409606321741775
0.9784701678661044 0.6451423386272311 

0.3548576613727689 0.9784701678661045
0.9784701678661044 0.6451423386272311 

0.021529832133895532 0.354857661372769
0.9784701678661044 0.6451423386272311 

0.9619397662556434 0.6913417161825449
0.9707720325915103 0.66844492669611 7

0.9519946465617217 0.713777546715141
0.9707720325915103 0.66844492669611 

0.9288643050001361 0.7570513720966108
0.9707720325915103 0.66844492669611 

0.8704755626774796 0.8357794774235092
0.9707720325915103 0.66844492669611 

0.713777546715141 0.9519946465617217
0.9707720325915103 0.66844492669611 

0.33155507330389 0.9707720325915103
0.9707720325915103 0.66844492669611 

0.029227967408489597 0.33155507330389
0.9707720325915103 0.66844492669611 

0.9519946465617217 0.713777546715141
0.9619397662556434 0.6913417161825449 8

0.9409606321741775 0.7356983684129988
0.9619397662556434 0.6913417161825449 

0.9157348061512727 0.7777851165098011
0.9619397662556434 0.6913417161825449 

0.8535533905932737 0.8535533905932737
0.9619397662556434 0.6913417161825449 

0.6913417161825449 0.9619397662556434
0.9619397662556434 0.6913417161825449 

0.30865828381745514 0.9619397662556434
0.9619397662556434 0.6913417161825449 

0.038060233744356575 0.3086582838174552
0.9619397662556434 0.6913417161825449 

0.9409606321741775 0.7356983684129988
0.9519946465617217 0.713777546715141 9

0.9288643050001361 0.7570513720966108
0.9519946465617217 0.713777546715141 

0.9016037657403224 0.7978496522462166
0.9519946465617217 0.713777546715141 

0.8357794774235092 0.8704755626774796
0.9519946465617217 0.713777546715141 

0.66844492669611 0.9707720325915103
0.9519946465617217 0.713777546715141 

0.28622245328485907 0.9519946465617217
0.9519946465617217 0.713777546715141 

0.048005353438278275 0.28622245328485907
0.9519946465617217 0.713777546715141 

0.9288643050001361 0.7570513720966108
0.9409606321741775 0.7356983684129988 10

0.9157348061512727 0.7777851165098011
0.9409606321741775 0.7356983684129988 

0.8865052266813684 0.8171966420818227
0.9409606321741775 0.7356983684129988 

0.8171966420818227 0.8865052266813684
0.9409606321741775 0.7356983684129988 

0.6451423386272311 0.9784701678661045
0.9409606321741775 0.7356983684129988 

0.26430163158700115 0.9409606321741775
0.9409606321741775 0.7356983684129988 

0.059039367825822475 0.26430163158700115
0.9409606321741775 0.7356983684129988 

0.9157348061512727 0.7777851165098011
0.9288643050001361 0.7570513720966108 11

0.9016037657403224 0.7978496522462166
0.9288643050001361 0.7570513720966108 

0.8704755626774796 0.8357794774235092
0.9288643050001361 0.7570513720966108 

0.7978496522462167 0.9016037657403224
0.9288643050001361 0.7570513720966108 

0.621490089951632 0.985015626597272
0.9288643050001361 0.7570513720966108 

0.24294862790338922 0.9288643050001361
0.9288643050001361 0.7570513720966108 

0.07113569499986394 0.24294862790338922
0.9288643050001361 0.7570513720966108 

0.9016037657403224 0.7978496522462166
0.9157348061512727 0.7777851165098011 12

0.8865052266813684 0.8171966420818227
0.9157348061512727 0.7777851165098011 

0.8535533905932737 0.8535533905932737
0.9157348061512727 0.7777851165098011 

0.7777851165098011 0.9157348061512727
0.9157348061512727 0.7777851165098011 

0.5975451610080642 0.9903926402016152
0.9157348061512727 0.7777851165098011 

0.22221488349019902 0.9157348061512727
0.9157348061512727 0.7777851165098011 

0.08426519384872727 0.22221488349019902
0.9157348061512727 0.7777851165098011 

0.8865052266813684 0.8171966420818227
0.9016037657403224 0.7978496522462166 13

0.8704755626774796 0.8357794774235092
0.9016037657403224 0.7978496522462166 

0.8357794774235092 0.8704755626774796
0.9016037657403224 0.7978496522462166 

0.7570513720966108 0.9288643050001361
0.9016037657403224 0.7978496522462166 

0.5733652372276808 0.9945882549823906
0.9016037657403224 0.7978496522462166 

0.20215034775378332 0.9016037657403224
0.9016037657403224 0.7978496522462166 

0.09839623425967753 0.20215034775378338
0.9016037657403224 0.7978496522462166 

0.8704755626774796 0.8357794774235092
0.8865052266813684 0.8171966420818227 14

0.8535533905932737 0.8535533905932737
0.8865052266813684 0.8171966420818227 

0.8171966420818227 0.8865052266813684
0.8865052266813684 0.8171966420818227 

0.735698368412999 0.9409606321741775
0.8865052266813684 0.8171966420818227 

0.5490085701647804 0.9975923633360984
0.8865052266813684 0.8171966420818227 

0.1828033579181773 0.8865052266813686
0.8865052266813684 0.8171966420818227 

0.11349477331863145 0.18280335791817737
0.8865052266813684 0.8171966420818227 

0.8535533905932737 0.8535533905932737
0.8704755626774796 0.8357794774235092 15

0.8357794774235092 0.8704755626774796
0.8704755626774796 0.8357794774235092 

0.7978496522462167 0.9016037657403224
0.8704755626774796 0.8357794774235092 

0.713777546715141 0.9519946465617217
0.8704755626774796 0.8357794774235092 

0.524533837163709 0.9993977281025862
0.8704755626774796 0.8357794774235092 

0.16422052257649078 0.8704755626774795
0.8704755626774796 0.8357794774235092 

0.12952443732252045 0.16422052257649078
0.8704755626774796 0.8357794774235092 

0.8357794774235092 0.8704755626774796
0.8535533905932737 0.8535533905932737 16

0.8171966420818227 0.8865052266813684
0.8535533905932737 0.8535533905932737 

0.7777851165098011 0.9157348061512727
0.8535533905932737 0.8535533905932737 

0.6913417161825449 0.9619397662556434
0.8535533905932737 0.8535533905932737 

0.5 1.0
0.8535533905932737 0.8535533905932737 

0.14644660940672627 0.8535533905932737
0.8535533905932737 0.8535533905932737 

0.14644660940672616 0.14644660940672627
0.8535533905932737 0.8535533905932737 

0.8171966420818227 0.8865052266813684
0.8357794774235092 0.8704755626774796 17

0.7978496522462167 0.9016037657403224
0.8357794774235092 0.8704755626774796 

0.7570513720966108 0.9288643050001361
0.8357794774235092 0.8704755626774796 

0.66844492669611 0.9707720325915103
0.8357794774235092 0.8704755626774796 

0.475466162836291 0.9993977281025862
0.8357794774235092 0.8704755626774796 

0.12952443732252056 0.8357794774235092
0.8357794774235092 0.8704755626774796 

0.16422052257649067 0.12952443732252056
0.8357794774235092 0.8704755626774796 

0.7978496522462167 0.9016037657403224
0.8171966420818227 0.8865052266813684 18

0.7777851165098011 0.9157348061512727
0.8171966420818227 0.8865052266813684 

0.735698368412999 0.9409606321741775
0.8171966420818227 0.8865052266813684 

0.6451423386272311 0.9784701678661045
0.8171966420818227 0.8865052266813684 

0.45099142983521967 0.9975923633360985
0.8171966420818227 0.8865052266813684 

0.1134947733186315 0.8171966420818227
0.8171966420818227 0.8865052266813684 

0.18280335791817703 0.11349477331863167
0.8171966420818227 0.8865052266813684 

0.7777851165098011 0.9157348061512727
0.7978496522462167 0.9016037657403224 19

0.7570513720966108 0.9288643050001361
0.7978496522462167 0.9016037657403224 

0.713777546715141 0.9519946465617217
0.7978496522462167 0.9016037657403224 

0.621490089951632 0.985015626597272
0.7978496522462167 0.9016037657403224 

0.42663476277231915 0.9945882549823906
0.7978496522462167 0.9016037657403224 

0.09839623425967758 0.7978496522462167
0.7978496522462167 0.9016037657403224 

0.20215034775378343 0.09839623425967747
0.7978496522462167 0.9016037657403224 

0.7570513720966108 0.9288643050001361
0.7777851165098011 0.9157348061512727 20

0.735698368412999 0.9409606321741775
0.7777851165098011 0.9157348061512727 

0.6913417161825449 0.9619397662556434
0.7777851165098011 0.9157348061512727 

0.5975451610080642 0.9903926402016152
0.7777851165098011 0.9157348061512727 

0.4024548389919359 0.9903926402016152
0.7777851165098011 0.9157348061512727 

0.08426519384872733 0.7777851165098011
0.7777851165098011 0.9157348061512727 

0.2222148834901989 0.08426519384872738
0.7777851165098011 0.9157348061512727 

0.735698368412999 0.9409606321741775
0.7570513720966108 0.9288643050001361 21

0.713777546715141 0.9519946465617217
0.7570513720966108 0.9288643050001361 

0.66844492669611 0.9707720325915103
0.7570513720966108 0.9288643050001361 

0.5733652372276808 0.9945882549823906
0.7570513720966108 0.9288643050001361 

0.3785099100483681 0.985015626597272
0.7570513720966108 0.9288643050001361 

0.071135694999864 0.7570513720966109
0.7570513720966108 0.9288643050001361 

0.2429486279033891 0.071135694999864
0.7570513720966108 0.9288643050001361 

0.713777546715141 0.9519946465617217
0.735698368412999 0.9409606321741775 22

0.6913417161825449 0.9619397662556434
0.735698368412999 0.9409606321741775 

0.6451423386272311 0.9784701678661045
0.735698368412999 0.9409606321741775 

0.5490085701647804 0.9975923633360984
0.735698368412999 0.9409606321741775 

0.3548576613727689 0.9784701678661045
0.735698368412999 0.9409606321741775 

0.05903936782582253 0.735698368412999
0.735698368412999 0.9409606321741775 

0.26430163158700104 0.05903936782582253
0.735698368412999 0.9409606321741775 

0.6913417161825449 0.9619397662556434
0.713777546715141 0.9519946465617217 23

0.66844492669611 0.9707720325915103
0.713777546715141 0.9519946465617217 

0.621490089951632 0.985015626597272
0.713777546715141 0.9519946465617217 

0.524533837163709 0.9993977281025862
0.713777546715141 0.9519946465617217 

0.33155507330389 0.9707720325915103
0.713777546715141 0.9519946465617217 

0.04800535343827833 0.713777546715141
0.713777546715141 0.9519946465617217 

0.28622245328485874 0.04800535343827844
0.713777546715141 0.9519946465617217 

0.66844492669611 0.9707720325915103
0.6913417161825449 0.9619397662556434 24

0.6451423386272311 0.9784701678661045
0.6913417161825449 0.9619397662556434 

0.5975451610080642 0.9903926402016152
0.6913417161825449 0.9619397662556434 

0.5 1.0
0.6913417161825449 0.9619397662556434 

0.30865828381745514 0.9619397662556434
0.6913417161825449 0.9619397662556434 

0.03806023374435663 0.6913417161825449
0.6913417161825449 0.9619397662556434 

0.30865828381745486 0.03806023374435674
0.6913417161825449 0.9619397662556434 

0.6451423386272311 0.9784701678661045
0.66844492669611 0.9707720325915103 25

0.621490089951632 0.985015626597272
0.66844492669611 0.9707720325915103 

0.5733652372276808 0.9945882549823906
0.66844492669611 0.9707720325915103 

0.475466162836291 0.9993977281025862
0.66844492669611 0.9707720325915103 

0.28622245328485907 0.9519946465617217
0.66844492669611 0.9707720325915103 

0.029227967408489652 0.6684449266961101
0.66844492669611 0.9707720325915103 

0.33155507330389 0.029227967408489597
0.66844492669611 0.9707720325915103 

0.621490089951632 0.985015626597272
0.6451423386272311 0.9784701678661045 26

0.5975451610080642 0.9903926402016152
0.6451423386272311 0.9784701678661045 

0.5490085701647804 0.9975923633360984
0.6451423386272311 0.9784701678661045 

0.45099142983521967 0.9975923633360985
0.6451423386272311 0.9784701678661045 

0.26430163158700115 0.9409606321741775
0.6451423386272311 0.9784701678661045 

0.021529832133895588 0.6451423386272312
0.6451423386272311 0.9784701678661045 

0.35485766137276875 0.021529832133895588
0.6451423386272311 0.9784701678661045 

0.5975451610080642 0.9903926402016152
0.621490089951632 0.985015626597272 27

0.5733652372276808 0.9945882549823906
0.621490089951632 0.985015626597272 

0.524533837163709 0.9993977281025862
0.621490089951632 0.985015626597272 

0.42663476277231915 0.9945882549823906
0.621490089951632 0.985015626597272 

0.24294862790338922 0.9288643050001361
0.621490089951632 0.985015626597272 

0.014984373402728013 0.621490089951632
0.621490089951632 0.985015626597272 

0.3785099100483679 0.014984373402728013
0.621490089951632 0.985015626597272 

0.5733652372276808 0.9945882549823906
0.5975451610080642 0.9903926402016152 28

0.5490085701647804 0.9975923633360984
0.5975451610080642 0.9903926402016152 

0.5 1.0
0.5975451610080642 0.9903926402016152 

0.4024548389919359 0.9903926402016152
0.5975451610080642 0.9903926402016152 

0.22221488349019902 0.9157348061512727
0.5975451610080642 0.9903926402016152 

0.009607359798384785 0.5975451610080643
0.5975451610080642 0.9903926402016152 

0.4024548389919357 0.00960735979838484
0.5975451610080642 0.9903926402016152 

0.5490085701647804 0.9975923633360984
0.5733652372276808 0.9945882549823906 29

0.524533837163709 0.9993977281025862
0.5733652372276808 0.9945882549823906 

0.475466162836291 0.9993977281025862
0.5733652372276808 0.9945882549823906 

0.3785099100483681 0.985015626597272
0.5733652372276808 0.9945882549823906 

0.20215034775378332 0.9016037657403224
0.5733652372276808 0.9945882549823906 

0.005411745017609493 0.573365237227681
0.5733652372276808 0.9945882549823906 

0.4266347627723188 0.005411745017609548
0.5733652372276808 0.9945882549823906 

0.524533837163709 0.9993977281025862
0.5490085701647804 0.9975923633360984 30

0.5 1.0
0.5490085701647804 0.9975923633360984 

0.45099142983521967 0.9975923633360985
0.5490085701647804 0.9975923633360984 

0.3548576613727689 0.9784701678661045
0.5490085701647804 0.9975923633360984 

0.1828033579181773 0.8865052266813686
0.5490085701647804 0.9975923633360984 

0.002407636663901591 0.5490085701647804
0.5490085701647804 0.9975923633360984 

0.4509914298352198 0.0024076366639015356
0.5490085701647804 0.9975923633360984 

0.5 1.0
0.524533837163709 0.9993977281025862 31

0.475466162836291 0.9993977281025862
0.524533837163709 0.9993977281025862 

0.42663476277231915 0.9945882549823906
0.524533837163709 0.9993977281025862 

0.33155507330389 0.9707720325915103
0.524533837163709 0.9993977281025862 

0.16422052257649078 0.8704755626774795
0.524533837163709 0.9993977281025862 

6.022718974137975E-4 0.5245338371637089
0.524533837163709 0.9993977281025862 

0.475466162836291 6.022718974137975E-4
0.524533837163709 0.9993977281025862 

0.475466162836291 0.9993977281025862
0.5 1.0 32

0.45099142983521967 0.9975923633360985
0.5 1.0 

0.4024548389919359 0.9903926402016152
0.5 1.0 

0.30865828381745514 0.9619397662556434
0.5 1.0 

0.14644660940672627 0.8535533905932737
0.5 1.0 

0.0 0.5000000000000001
0.5 1.0 

0.4999999999999999 0.0
0.5 1.0 

0.45099142983521967 0.9975923633360985
0.475466162836291 0.9993977281025862 33

0.42663476277231915 0.9945882549823906
0.475466162836291 0.9993977281025862 

0.3785099100483681 0.985015626597272
0.475466162836291 0.9993977281025862 

0.28622245328485907 0.9519946465617217
0.475466162836291 0.9993977281025862 

0.12952443732252056 0.8357794774235092
0.475466162836291 0.9993977281025862 

6.022718974137975E-4 0.4754661628362911
0.475466162836291 0.9993977281025862 

0.5245338371637088 6.022718974137975E-4
0.475466162836291 0.9993977281025862 

0.42663476277231915 0.9945882549823906
0.45099142983521967 0.9975923633360985 34

0.4024548389919359 0.9903926402016152
0.45099142983521967 0.9975923633360985 

0.3548576613727689 0.9784701678661045
0.45099142983521967 0.9975923633360985 

0.26430163158700115 0.9409606321741775
0.45099142983521967 0.9975923633360985 

0.1134947733186315 0.8171966420818227
0.45099142983521967 0.9975923633360985 

0.0024076366639015356 0.4509914298352197
0.45099142983521967 0.9975923633360985 

0.54900857016478 0.0024076366639015356
0.45099142983521967 0.9975923633360985 

0.4024548389919359 0.9903926402016152
0.42663476277231915 0.9945882549823906 35

0.3785099100483681 0.985015626597272
0.42663476277231915 0.9945882549823906 

0.33155507330389 0.9707720325915103
0.42663476277231915 0.9945882549823906 

0.24294862790338922 0.9288643050001361
0.42663476277231915 0.9945882549823906 

0.09839623425967758 0.7978496522462167
0.42663476277231915 0.9945882549823906 

0.005411745017609493 0.4266347627723192
0.42663476277231915 0.9945882549823906 

0.573365237227681 0.005411745017609548
0.42663476277231915 0.9945882549823906 

0.3785099100483681 0.985015626597272
0.4024548389919359 0.9903926402016152 36

0.3548576613727689 0.9784701678661045
0.4024548389919359 0.9903926402016152 

0.30865828381745514 0.9619397662556434
0.4024548389919359 0.9903926402016152 

0.22221488349019902 0.9157348061512727
0.4024548389919359 0.9903926402016152 

0.08426519384872733 0.7777851165098011
0.4024548389919359 0.9903926402016152 

0.009607359798384785 0.4024548389919358
0.4024548389919359 0.9903926402016152 

0.5975451610080642 0.009607359798384785
0.4024548389919359 0.9903926402016152 

0.3548576613727689 0.9784701678661045
0.3785099100483681 0.985015626597272 37

0.33155507330389 0.9707720325915103
0.3785099100483681 0.985015626597272 

0.28622245328485907 0.9519946465617217
0.3785099100483681 0.985015626597272 

0.20215034775378332 0.9016037657403224
0.3785099100483681 0.985015626597272 

0.071135694999864 0.7570513720966109
0.3785099100483681 0.985015626597272 

0.014984373402728013 0.3785099100483681
0.3785099100483681 0.985015626597272 

0.6214900899516319 0.014984373402728013
0.3785099100483681 0.985015626597272 

0.33155507330389 0.9707720325915103
0.3548576613727689 0.9784701678661045 38

0.30865828381745514 0.9619397662556434
0.3548576613727689 0.9784701678661045 

0.26430163158700115 0.9409606321741775
0.3548576613727689 0.9784701678661045 

0.1828033579181773 0.8865052266813686
0.3548576613727689 0.9784701678661045 

0.05903936782582253 0.735698368412999
0.3548576613727689 0.9784701678661045 

0.021529832133895532 0.354857661372769
0.3548576613727689 0.9784701678661045 

0.645142338627231 0.021529832133895532
0.3548576613727689 0.9784701678661045 

0.30865828381745514 0.9619397662556434
0.33155507330389 0.9707720325915103 39

0.28622245328485907 0.9519946465617217
0.33155507330389 0.9707720325915103 

0.24294862790338922 0.9288643050001361
0.33155507330389 0.9707720325915103 

0.16422052257649078 0.8704755626774795
0.33155507330389 0.9707720325915103 

0.04800535343827833 0.713777546715141
0.33155507330389 0.9707720325915103 

0.029227967408489597 0.33155507330389
0.33155507330389 0.9707720325915103 

0.6684449266961098 0.02922796740848954
0.33155507330389 0.9707720325915103 

0.28622245328485907 0.9519946465617217
0.30865828381745514 0.9619397662556434 40

0.26430163158700115 0.9409606321741775
0.30865828381745514 0.9619397662556434 

0.22221488349019902 0.9157348061512727
0.30865828381745514 0.9619397662556434 

0.14644660940672627 0.8535533905932737
0.30865828381745514 0.9619397662556434 

0.03806023374435663 0.6913417161825449
0.30865828381745514 0.9619397662556434 

0.038060233744356575 0.3086582838174552
0.30865828381745514 0.9619397662556434 

0.691341716182545 0.038060233744356686
0.30865828381745514 0.9619397662556434 

0.26430163158700115 0.9409606321741775
0.28622245328485907 0.9519946465617217 41

0.24294862790338922 0.9288643050001361
0.28622245328485907 0.9519946465617217 

0.20215034775378332 0.9016037657403224
0.28622245328485907 0.9519946465617217 

0.12952443732252056 0.8357794774235092
0.28622245328485907 0.9519946465617217 

0.029227967408489652 0.6684449266961101
0.28622245328485907 0.9519946465617217 

0.048005353438278275 0.28622245328485907
0.28622245328485907 0.9519946465617217 

0.713777546715141 0.04800535343827833
0.28622245328485907 0.9519946465617217 

0.24294862790338922 0.9288643050001361
0.26430163158700115 0.9409606321741775 42

0.22221488349019902 0.9157348061512727
0.26430163158700115 0.9409606321741775 

0.1828033579181773 0.8865052266813686
0.26430163158700115 0.9409606321741775 

0.1134947733186315 0.8171966420818227
0.26430163158700115 0.9409606321741775 

0.021529832133895588 0.6451423386272312
0.26430163158700115 0.9409606321741775 

0.059039367825822475 0.26430163158700115
0.26430163158700115 0.9409606321741775 

0.7356983684129987 0.059039367825822475
0.26430163158700115 0.9409606321741775 

0.22221488349019902 0.9157348061512727
0.24294862790338922 0.9288643050001361 43

0.20215034775378332 0.9016037657403224
0.24294862790338922 0.9288643050001361 

0.16422052257649078 0.8704755626774795
0.24294862790338922 0.9288643050001361 

0.09839623425967758 0.7978496522462167
0.24294862790338922 0.9288643050001361 

0.014984373402728013 0.621490089951632
0.24294862790338922 0.9288643050001361 

0.07113569499986394 0.24294862790338922
0.24294862790338922 0.9288643050001361 

0.7570513720966108 0.07113569499986389
0.24294862790338922 0.9288643050001361 

0.20215034775378332 0.9016037657403224
0.22221488349019902 0.9157348061512727 44

0.1828033579181773 0.8865052266813686
0.22221488349019902 0.9157348061512727 

0.14644660940672627 0.8535533905932737
0.22221488349019902 0.9157348061512727 

0.08426519384872733 0.7777851165098011
0.22221488349019902 0.9157348061512727 

0.009607359798384785 0.5975451610080643
0.22221488349019902 0.9157348061512727 

0.08426519384872727 0.22221488349019902
0.22221488349019902 0.9157348061512727 

0.7777851165098009 0.08426519384872727
0.22221488349019902 0.9157348061512727 

0.1828033579181773 0.8865052266813686
0.20215034775378332 0.9016037657403224 45

0.16422052257649078 0.8704755626774795
0.20215034775378332 0.9016037657403224 

0.12952443732252056 0.8357794774235092
0.20215034775378332 0.9016037657403224 

0.071135694999864 0.7570513720966109
0.20215034775378332 0.9016037657403224 

0.005411745017609493 0.573365237227681
0.20215034775378332 0.9016037657403224 

0.09839623425967753 0.20215034775378338
0.20215034775378332 0.9016037657403224 

0.7978496522462164 0.09839623425967736
0.20215034775378332 0.9016037657403224 

0.16422052257649078 0.8704755626774795
0.1828033579181773 0.8865052266813686 46

0.14644660940672627 0.8535533905932737
0.1828033579181773 0.8865052266813686 

0.1134947733186315 0.8171966420818227
0.1828033579181773 0.8865052266813686 

0.05903936782582253 0.735698368412999
0.1828033579181773 0.8865052266813686 

0.002407636663901591 0.5490085701647804
0.1828033579181773 0.8865052266813686 

0.11349477331863145 0.18280335791817737
0.1828033579181773 0.8865052266813686 

0.8171966420818229 0.11349477331863156
0.1828033579181773 0.8865052266813686 

0.14644660940672627 0.8535533905932737
0.16422052257649078 0.8704755626774795 47

0.12952443732252056 0.8357794774235092
0.16422052257649078 0.8704755626774795 

0.09839623425967758 0.7978496522462167
0.16422052257649078 0.8704755626774795 

0.04800535343827833 0.713777546715141
0.16422052257649078 0.8704755626774795 

6.022718974137975E-4 0.5245338371637089
0.16422052257649078 0.8704755626774795 

0.12952443732252045 0.16422052257649078
0.16422052257649078 0.8704755626774795 

0.8357794774235092 0.12952443732252045
0.16422052257649078 0.8704755626774795 

0.12952443732252056 0.8357794774235092
0.14644660940672627 0.8535533905932737 48

0.1134947733186315 0.8171966420818227
0.14644660940672627 0.8535533905932737 

0.08426519384872733 0.7777851165098011
0.14644660940672627 0.8535533905932737 

0.03806023374435663 0.6913417161825449
0.14644660940672627 0.8535533905932737 

0.0 0.5000000000000001
0.14644660940672627 0.8535533905932737 

0.14644660940672616 0.14644660940672627
0.14644660940672627 0.8535533905932737 

0.8535533905932737 0.14644660940672616
0.14644660940672627 0.8535533905932737 

0.1134947733186315 0.8171966420818227
0.12952443732252056 0.8357794774235092 49

0.09839623425967758 0.7978496522462167
0.12952443732252056 0.8357794774235092 

0.071135694999864 0.7570513720966109
0.12952443732252056 0.8357794774235092 

0.029227967408489652 0.6684449266961101
0.12952443732252056 0.8357794774235092 

6.022718974137975E-4 0.4754661628362911
0.12952443732252056 0.8357794774235092 

0.16422052257649067 0.12952443732252056
0.12952443732252056 0.8357794774235092 

0.8704755626774794 0.16422052257649067
0.12952443732252056 0.8357794774235092 

0.09839623425967758 0.7978496522462167
0.1134947733186315 0.8171966420818227 50

0.08426519384872733 0.7777851165098011
0.1134947733186315 0.8171966420818227 

0.05903936782582253 0.735698368412999
0.1134947733186315 0.8171966420818227 

0.021529832133895588 0.6451423386272312
0.1134947733186315 0.8171966420818227 

0.0024076366639015356 0.4509914298352197
0.1134947733186315 0.8171966420818227 

0.18280335791817703 0.11349477331863167
0.1134947733186315 0.8171966420818227 

0.8865052266813682 0.18280335791817703
0.1134947733186315 0.8171966420818227 

0.08426519384872733 0.7777851165098011
0.09839623425967758 0.7978496522462167 51

0.071135694999864 0.7570513720966109
0.09839623425967758 0.7978496522462167 

0.04800535343827833 0.713777546715141
0.09839623425967758 0.7978496522462167 

0.014984373402728013 0.621490089951632
0.09839623425967758 0.7978496522462167 

0.005411745017609493 0.4266347627723192
0.09839623425967758 0.7978496522462167 

0.20215034775378343 0.09839623425967747
0.09839623425967758 0.7978496522462167 

0.9016037657403225 0.20215034775378338
0.09839623425967758 0.7978496522462167 

0.071135694999864 0.7570513720966109
0.08426519384872733 0.7777851165098011 52

0.05903936782582253 0.735698368412999
0.08426519384872733 0.7777851165098011 

0.03806023374435663 0.6913417161825449
0.08426519384872733 0.7777851165098011 

0.009607359798384785 0.5975451610080643
0.08426519384872733 0.7777851165098011 

0.009607359798384785 0.4024548389919358
0.08426519384872733 0.7777851165098011 

0.2222148834901989 0.08426519384872738
0.08426519384872733 0.7777851165098011 

0.9157348061512727 0.2222148834901989
0.08426519384872733 0.7777851165098011 

0.05903936782582253 0.735698368412999
0.071135694999864 0.7570513720966109 53

0.04800535343827833 0.713777546715141
0.071135694999864 0.7570513720966109 

0.029227967408489652 0.6684449266961101
0.071135694999864 0.7570513720966109 

0.005411745017609493 0.573365237227681
0.071135694999864 0.7570513720966109 

0.014984373402728013 0.3785099100483681
0.071135694999864 0.7570513720966109 

0.2429486279033891 0.071135694999864
0.071135694999864 0.7570513720966109 

0.928864305000136 0.24294862790338906
0.071135694999864 0.7570513720966109 

0.04800535343827833 0.713777546715141
0.05903936782582253 0.735698368412999 54

0.03806023374435663 0.6913417161825449
0.05903936782582253 0.735698368412999 

0.021529832133895588 0.6451423386272312
0.05903936782582253 0.735698368412999 

0.002407636663901591 0.5490085701647804
0.05903936782582253 0.735698368412999 

0.021529832133895532 0.354857661372769
0.05903936782582253 0.735698368412999 

0.26430163158700104 0.05903936782582253
0.05903936782582253 0.735698368412999 

0.9409606321741775 0.26430163158700104
0.05903936782582253 0.735698368412999 

0.03806023374435663 0.6913417161825449
0.04800535343827833 0.713777546715141 55

0.029227967408489652 0.6684449266961101
0.04800535343827833 0.713777546715141 

0.014984373402728013 0.621490089951632
0.04800535343827833 0.713777546715141 

6.022718974137975E-4 0.5245338371637089
0.04800535343827833 0.713777546715141 

0.029227967408489597 0.33155507330389
0.04800535343827833 0.713777546715141 

0.28622245328485874 0.04800535343827844
0.04800535343827833 0.713777546715141 

0.9519946465617215 0.28622245328485874
0.04800535343827833 0.713777546715141 

0.029227967408489652 0.6684449266961101
0.03806023374435663 0.6913417161825449 56

0.021529832133895588 0.6451423386272312
0.03806023374435663 0.6913417161825449 

0.009607359798384785 0.5975451610080643
0.03806023374435663 0.6913417161825449 

0.0 0.5000000000000001
0.03806023374435663 0.6913417161825449 

0.038060233744356575 0.3086582838174552
0.03806023374435663 0.6913417161825449 

0.30865828381745486 0.03806023374435674
0.03806023374435663 0.6913417161825449 

0.9619397662556433 0.3086582838174548
0.03806023374435663 0.6913417161825449 

0.021529832133895588 0.6451423386272312
0.029227967408489652 0.6684449266961101 57

0.014984373402728013 0.621490089951632
0.029227967408489652 0.6684449266961101 

0.005411745017609493 0.573365237227681
0.029227967408489652 0.6684449266961101 

6.022718974137975E-4 0.4754661628362911
0.029227967408489652 0.6684449266961101 

0.048005353438278275 0.28622245328485907
0.029227967408489652 0.6684449266961101 

0.33155507330389 0.029227967408489597
0.029227967408489652 0.6684449266961101 

0.9707720325915103 0.33155507330389
0.029227967408489652 0.6684449266961101 

0.014984373402728013 0.621490089951632
0.021529832133895588 0.6451423386272312 58

0.009607359798384785 0.5975451610080643
0.021529832133895588 0.6451423386272312 

0.002407636663901591 0.5490085701647804
0.021529832133895588 0.6451423386272312 

0.0024076366639015356 0.4509914298352197
0.021529832133895588 0.6451423386272312 

0.059039367825822475 0.26430163158700115
0.021529832133895588 0.6451423386272312 

0.35485766137276875 0.021529832133895588
0.021529832133895588 0.6451423386272312 

0.9784701678661044 0.35485766137276875
0.021529832133895588 0.6451423386272312 

0.009607359798384785 0.5975451610080643
0.014984373402728013 0.621490089951632 59

0.005411745017609493 0.573365237227681
0.014984373402728013 0.621490089951632 

6.022718974137975E-4 0.5245338371637089
0.014984373402728013 0.621490089951632 

0.005411745017609493 0.4266347627723192
0.014984373402728013 0.621490089951632 

0.07113569499986394 0.24294862790338922
0.014984373402728013 0.621490089951632 

0.3785099100483679 0.014984373402728013
0.014984373402728013 0.621490089951632 

0.985015626597272 0.3785099100483679
0.014984373402728013 0.621490089951632 

0.005411745017609493 0.573365237227681
0.009607359798384785 0.5975451610080643 60

0.002407636663901591 0.5490085701647804
0.009607359798384785 0.5975451610080643 

0.0 0.5000000000000001
0.009607359798384785 0.5975451610080643 

0.009607359798384785 0.4024548389919358
0.009607359798384785 0.5975451610080643 

0.08426519384872727 0.22221488349019902
0.009607359798384785 0.5975451610080643 

0.4024548389919357 0.00960735979838484
0.009607359798384785 0.5975451610080643 

0.9903926402016152 0.4024548389919356
0.009607359798384785 0.5975451610080643 

0.002407636663901591 0.5490085701647804
0.005411745017609493 0.573365237227681 61

6.022718974137975E-4 0.5245338371637089
0.005411745017609493 0.573365237227681 

6.022718974137975E-4 0.4754661628362911
0.005411745017609493 0.573365237227681 

0.014984373402728013 0.3785099100483681
0.005411745017609493 0.573365237227681 

0.09839623425967753 0.20215034775378338
0.005411745017609493 0.573365237227681 

0.4266347627723188 0.005411745017609548
0.005411745017609493 0.573365237227681 

0.9945882549823905 0.4266347627723188
0.005411745017609493 0.573365237227681 

6.022718974137975E-4 0.5245338371637089
0.002407636663901591 0.5490085701647804 62

0.0 0.5000000000000001
0.002407636663901591 0.5490085701647804 

0.0024076366639015356 0.4509914298352197
0.002407636663901591 0.5490085701647804 

0.021529832133895532 0.354857661372769
0.002407636663901591 0.5490085701647804 

0.11349477331863145 0.18280335791817737
0.002407636663901591 0.5490085701647804 

0.4509914298352198 0.0024076366639015356
0.002407636663901591 0.5490085701647804 

0.9975923633360985 0.4509914298352197
0.002407636663901591 0.5490085701647804 

0.0 0.5000000000000001
6.022718974137975E-4 0.5245338371637089 63

6.022718974137975E-4 0.4754661628362911
6.022718974137975E-4 0.5245338371637089 

0.005411745017609493 0.4266347627723192
6.022718974137975E-4 0.5245338371637089 

0.029227967408489597 0.33155507330389
6.022718974137975E-4 0.5245338371637089 

0.12952443732252045 0.16422052257649078
6.022718974137975E-4 0.5245338371637089 

0.475466162836291 6.022718974137975E-4
6.022718974137975E-4 0.5245338371637089 

0.9993977281025862 0.47546616283629095
6.022718974137975E-4 0.5245338371637089 

6.022718974137975E-4 0.4754661628362911
0.0 0.5000000000000001 64

0.0024076366639015356 0.4509914298352197
0.0 0.5000000000000001 

0.009607359798384785 0.4024548389919358
0.0 0.5000000000000001 

0.038060233744356575 0.3086582838174552
0.0 0.5000000000000001 

0.14644660940672616 0.14644660940672627
0.0 0.5000000000000001 

0.4999999999999999 0.0
0.0 0.5000000000000001 

1.0 0.5
0.0 0.5000000000000001 

0.0024076366639015356 0.4509914298352197
6.022718974137975E-4 0.4754661628362911 65

0.005411745017609493 0.4266347627723192
6.022718974137975E-4 0.4754661628362911 

0.014984373402728013 0.3785099100483681
6.022718974137975E-4 0.4754661628362911 

0.048005353438278275 0.28622245328485907
6.022718974137975E-4 0.4754661628362911 

0.16422052257649067 0.12952443732252056
6.022718974137975E-4 0.4754661628362911 

0.5245338371637088 6.022718974137975E-4
6.022718974137975E-4 0.4754661628362911 

0.9993977281025862 0.524533837163709
6.022718974137975E-4 0.4754661628362911 

0.005411745017609493 0.4266347627723192
0.0024076366639015356 0.4509914298352197 66

0.009607359798384785 0.4024548389919358
0.0024076366639015356 0.4509914298352197 

0.021529832133895532 0.354857661372769
0.0024076366639015356 0.4509914298352197 

0.059039367825822475 0.26430163158700115
0.0024076366639015356 0.4509914298352197 

0.18280335791817703 0.11349477331863167
0.0024076366639015356 0.4509914298352197 

0.54900857016478 0.0024076366639015356
0.0024076366639015356 0.4509914298352197 

0.9975923633360985 0.5490085701647803
0.0024076366639015356 0.4509914298352197 

0.009607359798384785 0.4024548389919358
0.005411745017609493 0.4266347627723192 67

0.014984373402728013 0.3785099100483681
0.005411745017609493 0.4266347627723192 

0.029227967408489597 0.33155507330389
0.005411745017609493 0.4266347627723192 

0.07113569499986394 0.24294862790338922
0.005411745017609493 0.4266347627723192 

0.20215034775378343 0.09839623425967747
0.005411745017609493 0.4266347627723192 

0.573365237227681 0.005411745017609548
0.005411745017609493 0.4266347627723192 

0.9945882549823906 0.5733652372276808
0.005411745017609493 0.4266347627723192 

0.014984373402728013 0.3785099100483681
0.009607359798384785 0.4024548389919358 68

0.021529832133895532 0.354857661372769
0.009607359798384785 0.4024548389919358 

0.038060233744356575 0.3086582838174552
0.009607359798384785 0.4024548389919358 

0.08426519384872727 0.22221488349019902
0.009607359798384785 0.4024548389919358 

0.2222148834901989 0.08426519384872738
0.009607359798384785 0.4024548389919358 

0.5975451610080642 0.009607359798384785
0.009607359798384785 0.4024548389919358 

0.9903926402016152 0.5975451610080641
0.009607359798384785 0.4024548389919358 

0.021529832133895532 0.354857661372769
0.014984373402728013 0.3785099100483681 69

0.029227967408489597 0.33155507330389
0.014984373402728013 0.3785099100483681 

0.048005353438278275 0.28622245328485907
0.014984373402728013 0.3785099100483681 

0.09839623425967753 0.20215034775378338
0.014984373402728013 0.3785099100483681 

0.2429486279033891 0.071135694999864
0.014984373402728013 0.3785099100483681 

0.6214900899516319 0.014984373402728013
0.014984373402728013 0.3785099100483681 

0.985015626597272 0.6214900899516319
0.014984373402728013 0.3785099100483681 

0.029227967408489597 0.33155507330389
0.021529832133895532 0.354857661372769 70

0.038060233744356575 0.3086582838174552
0.021529832133895532 0.354857661372769 

0.059039367825822475 0.26430163158700115
0.021529832133895532 0.354857661372769 

0.11349477331863145 0.18280335791817737
0.021529832133895532 0.354857661372769 

0.26430163158700104 0.05903936782582253
0.021529832133895532 0.354857661372769 

0.645142338627231 0.021529832133895532
0.021529832133895532 0.354857661372769 

0.9784701678661044 0.6451423386272311
0.021529832133895532 0.354857661372769 

0.038060233744356575 0.3086582838174552
0.029227967408489597 0.33155507330389 71

0.048005353438278275 0.28622245328485907
0.029227967408489597 0.33155507330389 

0.07113569499986394 0.24294862790338922
0.029227967408489597 0.33155507330389 

0.12952443732252045 0.16422052257649078
0.029227967408489597 0.33155507330389 

0.28622245328485874 0.04800535343827844
0.029227967408489597 0.33155507330389 

0.6684449266961098 0.02922796740848954
0.029227967408489597 0.33155507330389 

0.9707720325915103 0.66844492669611
0.029227967408489597 0.33155507330389 

0.048005353438278275 0.28622245328485907
0.038060233744356575 0.3086582838174552 72

0.059039367825822475 0.26430163158700115
0.038060233744356575 0.3086582838174552 

0.08426519384872727 0.22221488349019902
0.038060233744356575 0.3086582838174552 

0.14644660940672616 0.14644660940672627
0.038060233744356575 0.3086582838174552 

0.30865828381745486 0.03806023374435674
0.038060233744356575 0.3086582838174552 

0.691341716182545 0.038060233744356686
0.038060233744356575 0.3086582838174552 

0.9619397662556434 0.6913417161825449
0.038060233744356575 0.3086582838174552 

0.059039367825822475 0.26430163158700115
0.048005353438278275 0.28622245328485907 73

0.07113569499986394 0.24294862790338922
0.048005353438278275 0.28622245328485907 

0.09839623425967753 0.20215034775378338
0.048005353438278275 0.28622245328485907 

0.16422052257649067 0.12952443732252056
0.048005353438278275 0.28622245328485907 

0.33155507330389 0.029227967408489597
0.048005353438278275 0.28622245328485907 

0.713777546715141 0.04800535343827833
0.048005353438278275 0.28622245328485907 

0.9519946465617217 0.713777546715141
0.048005353438278275 0.28622245328485907 

0.07113569499986394 0.24294862790338922
0.059039367825822475 0.26430163158700115 74

0.08426519384872727 0.22221488349019902
0.059039367825822475 0.26430163158700115 

0.11349477331863145 0.18280335791817737
0.059039367825822475 0.26430163158700115 

0.18280335791817703 0.11349477331863167
0.059039367825822475 0.26430163158700115 

0.35485766137276875 0.021529832133895588
0.059039367825822475 0.26430163158700115 

0.7356983684129987 0.059039367825822475
0.059039367825822475 0.26430163158700115 

0.9409606321741775 0.7356983684129988
0.059039367825822475 0.26430163158700115 

0.08426519384872727 0.22221488349019902
0.07113569499986394 0.24294862790338922 75

0.09839623425967753 0.20215034775378338
0.07113569499986394 0.24294862790338922 

0.12952443732252045 0.16422052257649078
0.07113569499986394 0.24294862790338922 

0.20215034775378343 0.09839623425967747
0.07113569499986394 0.24294862790338922 

0.3785099100483679 0.014984373402728013
0.07113569499986394 0.24294862790338922 

0.7570513720966108 0.07113569499986389
0.07113569499986394 0.24294862790338922 

0.9288643050001361 0.7570513720966108
0.07113569499986394 0.24294862790338922 

0.09839623425967753 0.20215034775378338
0.08426519384872727 0.22221488349019902 76

0.11349477331863145 0.18280335791817737
0.08426519384872727 0.22221488349019902 

0.14644660940672616 0.14644660940672627
0.08426519384872727 0.22221488349019902 

0.2222148834901989 0.08426519384872738
0.08426519384872727 0.22221488349019902 

0.4024548389919357 0.00960735979838484
0.08426519384872727 0.22221488349019902 

0.7777851165098009 0.08426519384872727
0.08426519384872727 0.22221488349019902 

0.9157348061512727 0.7777851165098011
0.08426519384872727 0.22221488349019902 

0.11349477331863145 0.18280335791817737
0.09839623425967753 0.20215034775378338 77

0.12952443732252045 0.16422052257649078
0.09839623425967753 0.20215034775378338 

0.16422052257649067 0.12952443732252056
0.09839623425967753 0.20215034775378338 

0.2429486279033891 0.071135694999864
0.09839623425967753 0.20215034775378338 

0.4266347627723188 0.005411745017609548
0.09839623425967753 0.20215034775378338 

0.7978496522462164 0.09839623425967736
0.09839623425967753 0.20215034775378338 

0.9016037657403224 0.7978496522462166
0.09839623425967753 0.20215034775378338 

0.12952443732252045 0.16422052257649078
0.11349477331863145 0.18280335791817737 78

0.14644660940672616 0.14644660940672627
0.11349477331863145 0.18280335791817737 

0.18280335791817703 0.11349477331863167
0.11349477331863145 0.18280335791817737 

0.26430163158700104 0.05903936782582253
0.11349477331863145 0.18280335791817737 

0.4509914298352198 0.0024076366639015356
0.11349477331863145 0.18280335791817737 

0.8171966420818229 0.11349477331863156
0.11349477331863145 0.18280335791817737 

0.8865052266813684 0.8171966420818227
0.11349477331863145 0.18280335791817737 

0.14644660940672616 0.14644660940672627
0.12952443732252045 0.16422052257649078 79

0.16422052257649067 0.12952443732252056
0.12952443732252045 0.16422052257649078 

0.20215034775378343 0.09839623425967747
0.12952443732252045 0.16422052257649078 

0.28622245328485874 0.04800535343827844
0.12952443732252045 0.16422052257649078 

0.475466162836291 6.022718974137975E-4
0.12952443732252045 0.16422052257649078 

0.8357794774235092 0.12952443732252045
0.12952443732252045 0.16422052257649078 

0.8704755626774796 0.8357794774235092
0.12952443732252045 0.16422052257649078 

0.16422052257649067 0.12952443732252056
0.14644660940672616 0.14644660940672627 80

0.18280335791817703 0.11349477331863167
0.14644660940672616 0.14644660940672627 

0.2222148834901989 0.08426519384872738
0.14644660940672616 0.14644660940672627 

0.30865828381745486 0.03806023374435674
0.14644660940672616 0.14644660940672627 

0.4999999999999999 0.0
0.14644660940672616 0.14644660940672627 

0.8535533905932737 0.14644660940672616
0.14644660940672616 0.14644660940672627 

0.8535533905932737 0.8535533905932737
0.14644660940672616 0.14644660940672627 

0.18280335791817703 0.11349477331863167
0.16422052257649067 0.12952443732252056 81

0.20215034775378343 0.09839623425967747
0.16422052257649067 0.12952443732252056 

0.2429486279033891 0.071135694999864
0.16422052257649067 0.12952443732252056 

0.33155507330389 0.029227967408489597
0.16422052257649067 0.12952443732252056 

0.5245338371637088 6.022718974137975E-4
0.16422052257649067 0.12952443732252056 

0.8704755626774794 0.16422052257649067
0.16422052257649067 0.12952443732252056 

0.8357794774235092 0.8704755626774796
0.16422052257649067 0.12952443732252056 

0.20215034775378343 0.09839623425967747
0.18280335791817703 0.11349477331863167 82

0.2222148834901989 0.08426519384872738
0.18280335791817703 0.11349477331863167 

0.26430163158700104 0.05903936782582253
0.18280335791817703 0.11349477331863167 

0.35485766137276875 0.021529832133895588
0.18280335791817703 0.11349477331863167 

0.54900857016478 0.0024076366639015356
0.18280335791817703 0.11349477331863167 

0.8865052266813682 0.18280335791817703
0.18280335791817703 0.11349477331863167 

0.8171966420818227 0.8865052266813684
0.18280335791817703 0.11349477331863167 

0.2222148834901989 0.08426519384872738
0.20215034775378343 0.09839623425967747 83

0.2429486279033891 0.071135694999864
0.20215034775378343 0.09839623425967747 

0.28622245328485874 0.04800535343827844
0.20215034775378343 0.09839623425967747 

0.3785099100483679 0.014984373402728013
0.20215034775378343 0.09839623425967747 

0.573365237227681 0.005411745017609548
0.20215034775378343 0.09839623425967747 

0.9016037657403225 0.20215034775378338
0.20215034775378343 0.09839623425967747 

0.7978496522462167 0.9016037657403224
0.20215034775378343 0.09839623425967747 

0.2429486279033891 0.071135694999864
0.2222148834901989 0.08426519384872738 84

0.26430163158700104 0.05903936782582253
0.2222148834901989 0.08426519384872738 

0.30865828381745486 0.03806023374435674
0.2222148834901989 0.08426519384872738 

0.4024548389919357 0.00960735979838484
0.2222148834901989 0.08426519384872738 

0.5975451610080642 0.009607359798384785
0.2222148834901989 0.08426519384872738 

0.9157348061512727 0.2222148834901989
0.2222148834901989 0.08426519384872738 

0.7777851165098011 0.9157348061512727
0.2222148834901989 0.08426519384872738 

0.26430163158700104 0.05903936782582253
0.2429486279033891 0.071135694999864 85

0.28622245328485874 0.04800535343827844
0.2429486279033891 0.071135694999864 

0.33155507330389 0.029227967408489597
0.2429486279033891 0.071135694999864 

0.4266347627723188 0.005411745017609548
0.2429486279033891 0.071135694999864 

0.6214900899516319 0.014984373402728013
0.2429486279033891 0.071135694999864 

0.928864305000136 0.24294862790338906
0.2429486279033891 0.071135694999864 

0.7570513720966108 0.9288643050001361
0.2429486279033891 0.071135694999864 

0.28622245328485874 0.04800535343827844
0.26430163158700104 0.05903936782582253 86

0.30865828381745486 0.03806023374435674
0.26430163158700104 0.05903936782582253 

0.35485766137276875 0.021529832133895588
0.26430163158700104 0.05903936782582253 

0.4509914298352198 0.0024076366639015356
0.26430163158700104 0.05903936782582253 

0.645142338627231 0.021529832133895532
0.26430163158700104 0.05903936782582253 

0.9409606321741775 0.26430163158700104
0.26430163158700104 0.05903936782582253 

0.735698368412999 0.9409606321741775
0.26430163158700104 0.05903936782582253 

0.30865828381745486 0.03806023374435674
0.28622245328485874 0.04800535343827844 87

0.33155507330389 0.029227967408489597
0.28622245328485874 0.04800535343827844 

0.3785099100483679 0.014984373402728013
0.28622245328485874 0.04800535343827844 

0.475466162836291 6.022718974137975E-4
0.28622245328485874 0.04800535343827844 

0.6684449266961098 0.02922796740848954
0.28622245328485874 0.04800535343827844 

0.9519946465617215 0.28622245328485874
0.28622245328485874 0.04800535343827844 

0.713777546715141 0.9519946465617217
0.28622245328485874 0.04800535343827844 

0.33155507330389 0.029227967408489597
0.30865828381745486 0.03806023374435674 88

0.35485766137276875 0.021529832133895588
0.30865828381745486 0.03806023374435674 

0.4024548389919357 0.00960735979838484
0.30865828381745486 0.03806023374435674 

0.4999999999999999 0.0
0.30865828381745486 0.03806023374435674 

0.691341716182545 0.038060233744356686
0.30865828381745486 0.03806023374435674 

0.9619397662556433 0.3086582838174548
0.30865828381745486 0.03806023374435674 

0.6913417161825449 0.9619397662556434
0.30865828381745486 0.03806023374435674 

0.35485766137276875 0.021529832133895588
0.33155507330389 0.029227967408489597 89

0.3785099100483679 0.014984373402728013
0.33155507330389 0.029227967408489597 

0.4266347627723188 0.005411745017609548
0.33155507330389 0.029227967408489597 

0.5245338371637088 6.022718974137975E-4
0.33155507330389 0.029227967408489597 

0.713777546715141 0.04800535343827833
0.33155507330389 0.029227967408489597 

0.9707720325915103 0.33155507330389
0.33155507330389 0.029227967408489597 

0.66844492669611 0.9707720325915103
0.33155507330389 0.029227967408489597 

0.3785099100483679 0.014984373402728013
0.35485766137276875 0.021529832133895588 90

0.4024548389919357 0.00960735979838484
0.35485766137276875 0.021529832133895588 

0.4509914298352198 0.0024076366639015356
0.35485766137276875 0.021529832133895588 

0.54900857016478 0.0024076366639015356
0.35485766137276875 0.021529832133895588 

0.7356983684129987 0.059039367825822475
0.35485766137276875 0.021529832133895588 

0.9784701678661044 0.35485766137276875
0.35485766137276875 0.021529832133895588 

0.6451423386272311 0.9784701678661045
0.35485766137276875 0.021529832133895588 

0.4024548389919357 0.00960735979838484
0.3785099100483679 0.014984373402728013 91

0.4266347627723188 0.005411745017609548
0.3785099100483679 0.014984373402728013 

0.475466162836291 6.022718974137975E-4
0.3785099100483679 0.014984373402728013 

0.573365237227681 0.005411745017609548
0.3785099100483679 0.014984373402728013 

0.7570513720966108 0.07113569499986389
0.3785099100483679 0.014984373402728013 

0.985015626597272 0.3785099100483679
0.3785099100483679 0.014984373402728013 

0.621490089951632 0.985015626597272
0.3785099100483679 0.014984373402728013 

0.4266347627723188 0.005411745017609548
0.4024548389919357 0.00960735979838484 92

0.4509914298352198 0.0024076366639015356
0.4024548389919357 0.00960735979838484 

0.4999999999999999 0.0
0.4024548389919357 0.00960735979838484 

0.5975451610080642 0.009607359798384785
0.4024548389919357 0.00960735979838484 

0.7777851165098009 0.08426519384872727
0.4024548389919357 0.00960735979838484 

0.9903926402016152 0.4024548389919356
0.4024548389919357 0.00960735979838484 

0.5975451610080642 0.9903926402016152
0.4024548389919357 0.00960735979838484 

0.4509914298352198 0.0024076366639015356
0.4266347627723188 0.005411745017609548 93

0.475466162836291 6.022718974137975E-4
0.4266347627723188 0.005411745017609548 

0.5245338371637088 6.022718974137975E-4
0.4266347627723188 0.005411745017609548 

0.6214900899516319 0.014984373402728013
0.4266347627723188 0.005411745017609548 

0.7978496522462164 0.09839623425967736
0.4266347627723188 0.005411745017609548 

0.9945882549823905 0.4266347627723188
0.4266347627723188 0.005411745017609548 

0.5733652372276808 0.9945882549823906
0.4266347627723188 0.005411745017609548 

0.475466162836291 6.022718974137975E-4
0.4509914298352198 0.0024076366639015356 94

0.4999999999999999 0.0
0.4509914298352198 0.0024076366639015356 

0.54900857016478 0.0024076366639015356
0.4509914298352198 0.0024076366639015356 

0.645142338627231 0.021529832133895532
0.4509914298352198 0.0024076366639015356 

0.8171966420818229 0.11349477331863156
0.4509914298352198 0.0024076366639015356 

0.9975923633360985 0.4509914298352197
0.4509914298352198 0.0024076366639015356 

0.5490085701647804 0.9975923633360984
0.4509914298352198 0.0024076366639015356 

0.4999999999999999 0.0
0.475466162836291 6.022718974137975E-4 95

0.5245338371637088 6.022718974137975E-4
0.475466162836291 6.022718974137975E-4 

0.573365237227681 0.005411745017609548
0.475466162836291 6.022718974137975E-4 

0.6684449266961098 0.02922796740848954
0.475466162836291 6.022718974137975E-4 

0.8357794774235092 0.12952443732252045
0.475466162836291 6.022718974137975E-4 

0.9993977281025862 0.47546616283629095
0.475466162836291 6.022718974137975E-4 

0.524533837163709 0.9993977281025862
0.475466162836291 6.022718974137975E-4 

0.5245338371637088 6.022718974137975E-4
0.4999999999999999 0.0 96

0.54900857016478 0.0024076366639015356
0.4999999999999999 0.0 

0.5975451610080642 0.009607359798384785
0.4999999999999999 0.0 

0.691341716182545 0.038060233744356686
0.4999999999999999 0.0 

0.8535533905932737 0.14644660940672616
0.4999999999999999 0.0 

1.0 0.5
0.4999999999999999 0.0 

0.5 1.0
0.4999999999999999 0.0 

0.54900857016478 0.0024076366639015356
0.5245338371637088 6.022718974137975E-4 97

0.573365237227681 0.005411745017609548
0.5245338371637088 6.022718974137975E-4 

0.6214900899516319 0.014984373402728013
0.5245338371637088 6.022718974137975E-4 

0.713777546715141 0.04800535343827833
0.5245338371637088 6.022718974137975E-4 

0.8704755626774794 0.16422052257649067
0.5245338371637088 6.022718974137975E-4 

0.9993977281025862 0.524533837163709
0.5245338371637088 6.022718974137975E-4 

0.475466162836291 0.9993977281025862
0.5245338371637088 6.022718974137975E-4 

0.573365237227681 0.005411745017609548
0.54900857016478 0.0024076366639015356 98

0.5975451610080642 0.009607359798384785
0.54900857016478 0.0024076366639015356 

0.645142338627231 0.021529832133895532
0.54900857016478 0.0024076366639015356 

0.7356983684129987 0.059039367825822475
0.54900857016478 0.0024076366639015356 

0.8865052266813682 0.18280335791817703
0.54900857016478 0.0024076366639015356 

0.9975923633360985 0.5490085701647803
0.54900857016478 0.0024076366639015356 

0.45099142983521967 0.9975923633360985
0.54900857016478 0.0024076366639015356 

0.5975451610080642 0.009607359798384785
0.573365237227681 0.005411745017609548 99

0.6214900899516319 0.014984373402728013
0.573365237227681 0.005411745017609548 

0.6684449266961098 0.02922796740848954
0.573365237227681 0.005411745017609548 

0.7570513720966108 0.07113569499986389
0.573365237227681 0.005411745017609548 

0.9016037657403225 0.20215034775378338
0.573365237227681 0.005411745017609548 

0.9945882549823906 0.5733652372276808
0.573365237227681 0.005411745017609548 

0.42663476277231915 0.9945882549823906
0.573365237227681 0.005411745017609548 

0.6214900899516319 0.014984373402728013
0.5975451610080642 0.009607359798384785 100

0.645142338627231 0.021529832133895532
0.5975451610080642 0.009607359798384785 

0.691341716182545 0.038060233744356686
0.5975451610080642 0.009607359798384785 

0.7777851165098009 0.08426519384872727
0.5975451610080642 0.009607359798384785 

0.9157348061512727 0.2222148834901989
0.5975451610080642 0.009607359798384785 

0.9903926402016152 0.5975451610080641
0.5975451610080642 0.009607359798384785 

0.4024548389919359 0.9903926402016152
0.5975451610080642 0.009607359798384785 

0.645142338627231 0.021529832133895532
0.6214900899516319 0.014984373402728013 101

0.6684449266961098 0.02922796740848954
0.6214900899516319 0.014984373402728013 

0.713777546715141 0.04800535343827833
0.6214900899516319 0.014984373402728013 

0.7978496522462164 0.09839623425967736
0.6214900899516319 0.014984373402728013 

0.928864305000136 0.24294862790338906
0.6214900899516319 0.014984373402728013 

0.985015626597272 0.6214900899516319
0.6214900899516319 0.014984373402728013 

0.3785099100483681 0.985015626597272
0.6214900899516319 0.014984373402728013 

0.6684449266961098 0.02922796740848954
0.645142338627231 0.021529832133895532 102

0.691341716182545 0.038060233744356686
0.645142338627231 0.021529832133895532 

0.7356983684129987 0.059039367825822475
0.645142338627231 0.021529832133895532 

0.8171966420818229 0.11349477331863156
0.645142338627231 0.021529832133895532 

0.9409606321741775 0.26430163158700104
0.645142338627231 0.021529832133895532 

0.9784701678661044 0.6451423386272311
0.645142338627231 0.021529832133895532 

0.3548576613727689 0.9784701678661045
0.645142338627231 0.021529832133895532 

0.691341716182545 0.038060233744356686
0.6684449266961098 0.02922796740848954 103

0.713777546715141 0.04800535343827833
0.6684449266961098 0.02922796740848954 

0.7570513720966108 0.07113569499986389
0.6684449266961098 0.02922796740848954 

0.8357794774235092 0.12952443732252045
0.6684449266961098 0.02922796740848954 

0.9519946465617215 0.28622245328485874
0.6684449266961098 0.02922796740848954 

0.9707720325915103 0.66844492669611
0.6684449266961098 0.02922796740848954 

0.33155507330389 0.9707720325915103
0.6684449266961098 0.02922796740848954 

0.713777546715141 0.04800535343827833
0.691341716182545 0.038060233744356686 104

0.7356983684129987 0.059039367825822475
0.691341716182545 0.038060233744356686 

0.7777851165098009 0.08426519384872727
0.691341716182545 0.038060233744356686 

0.8535533905932737 0.14644660940672616
0.691341716182545 0.038060233744356686 

0.9619397662556433 0.3086582838174548
0.691341716182545 0.038060233744356686 

0.9619397662556434 0.6913417161825449
0.691341716182545 0.038060233744356686 

0.30865828381745514 0.9619397662556434
0.691341716182545 0.038060233744356686 

0.7356983684129987 0.059039367825822475
0.713777546715141 0.04800535343827833 105

0.7570513720966108 0.07113569499986389
0.713777546715141 0.04800535343827833 

0.7978496522462164 0.09839623425967736
0.713777546715141 0.04800535343827833 

0.8704755626774794 0.16422052257649067
0.713777546715141 0.04800535343827833 

0.9707720325915103 0.33155507330389
0.713777546715141 0.04800535343827833 

0.9519946465617217 0.713777546715141
0.713777546715141 0.04800535343827833 

0.28622245328485907 0.9519946465617217
0.713777546715141 0.04800535343827833 

0.7570513720966108 0.07113569499986389
0.7356983684129987 0.059039367825822475 106

0.7777851165098009 0.08426519384872727
0.7356983684129987 0.059039367825822475 

0.8171966420818229 0.11349477331863156
0.7356983684129987 0.059039367825822475 

0.8865052266813682 0.18280335791817703
0.7356983684129987 0.059039367825822475 

0.9784701678661044 0.35485766137276875
0.7356983684129987 0.059039367825822475 

0.9409606321741775 0.7356983684129988
0.7356983684129987 0.059039367825822475 

0.26430163158700115 0.9409606321741775
0.7356983684129987 0.059039367825822475 

0.7777851165098009 0.08426519384872727
0.7570513720966108 0.07113569499986389 107

0.7978496522462164 0.09839623425967736
0.7570513720966108 0.07113569499986389 

0.8357794774235092 0.12952443732252045
0.7570513720966108 0.07113569499986389 

0.9016037657403225 0.20215034775378338
0.7570513720966108 0.07113569499986389 

0.985015626597272 0.3785099100483679
0.7570513720966108 0.07113569499986389 

0.9288643050001361 0.7570513720966108
0.7570513720966108 0.07113569499986389 

0.24294862790338922 0.9288643050001361
0.7570513720966108 0.07113569499986389 

0.7978496522462164 0.09839623425967736
0.7777851165098009 0.08426519384872727 108

0.8171966420818229 0.11349477331863156
0.7777851165098009 0.08426519384872727 

0.8535533905932737 0.14644660940672616
0.7777851165098009 0.08426519384872727 

0.9157348061512727 0.2222148834901989
0.7777851165098009 0.08426519384872727 

0.9903926402016152 0.4024548389919356
0.7777851165098009 0.08426519384872727 

0.9157348061512727 0.7777851165098011
0.7777851165098009 0.08426519384872727 

0.22221488349019902 0.9157348061512727
0.7777851165098009 0.08426519384872727 

0.8171966420818229 0.11349477331863156
0.7978496522462164 0.09839623425967736 109

0.8357794774235092 0.12952443732252045
0.7978496522462164 0.09839623425967736 

0.8704755626774794 0.16422052257649067
0.7978496522462164 0.09839623425967736 

0.928864305000136 0.24294862790338906
0.7978496522462164 0.09839623425967736 

0.9945882549823905 0.4266347627723188
0.7978496522462164 0.09839623425967736 

0.9016037657403224 0.7978496522462166
0.7978496522462164 0.09839623425967736 

0.20215034775378332 0.9016037657403224
0.7978496522462164 0.09839623425967736 

0.8357794774235092 0.12952443732252045
0.8171966420818229 0.11349477331863156 110

0.8535533905932737 0.14644660940672616
0.8171966420818229 0.11349477331863156 

0.8865052266813682 0.18280335791817703
0.8171966420818229 0.11349477331863156 

0.9409606321741775 0.26430163158700104
0.8171966420818229 0.11349477331863156 

0.9975923633360985 0.4509914298352197
0.8171966420818229 0.11349477331863156 

0.8865052266813684 0.8171966420818227
0.8171966420818229 0.11349477331863156 

0.1828033579181773 0.8865052266813686
0.8171966420818229 0.11349477331863156 

0.8535533905932737 0.14644660940672616
0.8357794774235092 0.12952443732252045 111

0.8704755626774794 0.16422052257649067
0.8357794774235092 0.12952443732252045 

0.9016037657403225 0.20215034775378338
0.8357794774235092 0.12952443732252045 

0.9519946465617215 0.28622245328485874
0.8357794774235092 0.12952443732252045 

0.9993977281025862 0.47546616283629095
0.8357794774235092 0.12952443732252045 

0.8704755626774796 0.8357794774235092
0.8357794774235092 0.12952443732252045 

0.16422052257649078 0.8704755626774795
0.8357794774235092 0.12952443732252045 

0.8704755626774794 0.16422052257649067
0.8535533905932737 0.14644660940672616 112

0.8865052266813682 0.18280335791817703
0.8535533905932737 0.14644660940672616 

0.9157348061512727 0.2222148834901989
0.8535533905932737 0.14644660940672616 

0.9619397662556433 0.3086582838174548
0.8535533905932737 0.14644660940672616 

1.0 0.5
0.8535533905932737 0.14644660940672616 

0.8535533905932737 0.8535533905932737
0.8535533905932737 0.14644660940672616 

0.14644660940672627 0.8535533905932737
0.8535533905932737 0.14644660940672616 

0.8865052266813682 0.18280335791817703
0.8704755626774794 0.16422052257649067 113

0.9016037657403225 0.20215034775378338
0.8704755626774794 0.16422052257649067 

0.928864305000136 0.24294862790338906
0.8704755626774794 0.16422052257649067 

0.9707720325915103 0.33155507330389
0.8704755626774794 0.16422052257649067 

0.9993977281025862 0.524533837163709
0.8704755626774794 0.16422052257649067 

0.8357794774235092 0.8704755626774796
0.8704755626774794 0.16422052257649067 

0.12952443732252056 0.8357794774235092
0.8704755626774794 0.16422052257649067 

0.9016037657403225 0.20215034775378338
0.8865052266813682 0.18280335791817703 114

0.9157348061512727 0.2222148834901989
0.8865052266813682 0.18280335791817703 

0.9409606321741775 0.26430163158700104
0.8865052266813682 0.18280335791817703 

0.9784701678661044 0.35485766137276875
0.8865052266813682 0.18280335791817703 

0.9975923633360985 0.5490085701647803
0.8865052266813682 0.18280335791817703 

0.8171966420818227 0.8865052266813684
0.8865052266813682 0.18280335791817703 

0.1134947733186315 0.8171966420818227
0.8865052266813682 0.18280335791817703 

0.9157348061512727 0.2222148834901989
0.9016037657403225 0.20215034775378338 115

0.928864305000136 0.24294862790338906
0.9016037657403225 0.20215034775378338 

0.9519946465617215 0.28622245328485874
0.9016037657403225 0.20215034775378338 

0.985015626597272 0.3785099100483679
0.9016037657403225 0.20215034775378338 

0.9945882549823906 0.5733652372276808
0.9016037657403225 0.20215034775378338 

0.7978496522462167 0.9016037657403224
0.9016037657403225 0.20215034775378338 

0.09839623425967758 0.7978496522462167
0.9016037657403225 0.20215034775378338 

0.928864305000136 0.24294862790338906
0.9157348061512727 0.2222148834901989 116

0.9409606321741775 0.26430163158700104
0.9157348061512727 0.2222148834901989 

0.9619397662556433 0.3086582838174548
0.9157348061512727 0.2222148834901989 

0.9903926402016152 0.4024548389919356
0.9157348061512727 0.2222148834901989 

0.9903926402016152 0.5975451610080641
0.9157348061512727 0.2222148834901989 

0.7777851165098011 0.9157348061512727
0.9157348061512727 0.2222148834901989 

0.08426519384872733 0.7777851165098011
0.9157348061512727 0.2222148834901989 

0.9409606321741775 0.26430163158700104
0.928864305000136 0.24294862790338906 117

0.9519946465617215 0.28622245328485874
0.928864305000136 0.24294862790338906 

0.9707720325915103 0.33155507330389
0.928864305000136 0.24294862790338906 

0.9945882549823905 0.4266347627723188
0.928864305000136 0.24294862790338906 

0.985015626597272 0.6214900899516319
0.928864305000136 0.24294862790338906 

0.7570513720966108 0.9288643050001361
0.928864305000136 0.24294862790338906 

0.071135694999864 0.7570513720966109
0.928864305000136 0.24294862790338906 

0.9519946465617215 0.28622245328485874
0.9409606321741775 0.26430163158700104 118

0.9619397662556433 0.3086582838174548
0.9409606321741775 0.26430163158700104 

0.9784701678661044 0.35485766137276875
0.9409606321741775 0.26430163158700104 

0.9975923633360985 0.4509914298352197
0.9409606321741775 0.26430163158700104 

0.9784701678661044 0.6451423386272311
0.9409606321741775 0.26430163158700104 

0.735698368412999 0.9409606321741775
0.9409606321741775 0.26430163158700104 

0.05903936782582253 0.735698368412999
0.9409606321741775 0.26430163158700104 

0.9619397662556433 0.3086582838174548
0.9519946465617215 0.28622245328485874 119

0.9707720325915103 0.33155507330389
0.9519946465617215 0.28622245328485874 

0.985015626597272 0.3785099100483679
0.9519946465617215 0.28622245328485874 

0.9993977281025862 0.47546616283629095
0.9519946465617215 0.28622245328485874 

0.9707720325915103 0.66844492669611
0.9519946465617215 0.28622245328485874 

0.713777546715141 0.9519946465617217
0.9519946465617215 0.28622245328485874 

0.04800535343827833 0.713777546715141
0.9519946465617215 0.28622245328485874 

0.9707720325915103 0.33155507330389
0.9619397662556433 0.3086582838174548 120

0.9784701678661044 0.35485766137276875
0.9619397662556433 0.3086582838174548 

0.9903926402016152 0.4024548389919356
0.9619397662556433 0.3086582838174548 

1.0 0.5
0.9619397662556433 0.3086582838174548 

0.9619397662556434 0.6913417161825449
0.9619397662556433 0.3086582838174548 

0.6913417161825449 0.9619397662556434
0.9619397662556433 0.3086582838174548 

0.03806023374435663 0.6913417161825449
0.9619397662556433 0.3086582838174548 

0.9784701678661044 0.35485766137276875
0.9707720325915103 0.33155507330389 121

0.985015626597272 0.3785099100483679
0.9707720325915103 0.33155507330389 

0.9945882549823905 0.4266347627723188
0.9707720325915103 0.33155507330389 

0.9993977281025862 0.524533837163709
0.9707720325915103 0.33155507330389 

0.9519946465617217 0.713777546715141
0.9707720325915103 0.33155507330389 

0.66844492669611 0.9707720325915103
0.9707720325915103 0.33155507330389 

0.029227967408489652 0.6684449266961101
0.9707720325915103 0.33155507330389 

0.985015626597272 0.3785099100483679
0.9784701678661044 0.35485766137276875 122

0.9903926402016152 0.4024548389919356
0.9784701678661044 0.35485766137276875 

0.9975923633360985 0.4509914298352197
0.9784701678661044 0.35485766137276875 

0.9975923633360985 0.5490085701647803
0.9784701678661044 0.35485766137276875 

0.9409606321741775 0.7356983684129988
0.9784701678661044 0.35485766137276875 

0.6451423386272311 0.9784701678661045
0.9784701678661044 0.35485766137276875 

0.021529832133895588 0.6451423386272312
0.9784701678661044 0.35485766137276875 

0.9903926402016152 0.4024548389919356
0.985015626597272 0.3785099100483679 123

0.9945882549823905 0.4266347627723188
0.985015626597272 0.3785099100483679 

0.9993977281025862 0.47546616283629095
0.985015626597272 0.3785099100483679 

0.9945882549823906 0.5733652372276808
0.985015626597272 0.3785099100483679 

0.9288643050001361 0.7570513720966108
0.985015626597272 0.3785099100483679 

0.621490089951632 0.985015626597272
0.985015626597272 0.3785099100483679 

0.014984373402728013 0.621490089951632
0.985015626597272 0.3785099100483679 

0.9945882549823905 0.4266347627723188
0.9903926402016152 0.4024548389919356 124

0.9975923633360985 0.4509914298352197
0.9903926402016152 0.4024548389919356 

1.0 0.5
0.9903926402016152 0.4024548389919356 

0.9903926402016152 0.5975451610080641
0.9903926402016152 0.4024548389919356 

0.9157348061512727 0.7777851165098011
0.9903926402016152 0.4024548389919356 

0.5975451610080642 0.9903926402016152
0.9903926402016152 0.4024548389919356 

0.009607359798384785 0.5975451610080643
0.9903926402016152 0.4024548389919356 

0.9975923633360985 0.4509914298352197
0.9945882549823905 0.4266347627723188 125

0.9993977281025862 0.47546616283629095
0.9945882549823905 0.4266347627723188 

0.9993977281025862 0.524533837163709
0.9945882549823905 0.4266347627723188 

0.985015626597272 0.6214900899516319
0.9945882549823905 0.4266347627723188 

0.9016037657403224 0.7978496522462166
0.9945882549823905 0.4266347627723188 

0.5733652372276808 0.9945882549823906
0.9945882549823905 0.4266347627723188 

0.005411745017609493 0.573365237227681
0.9945882549823905 0.4266347627723188 

0.9993977281025862 0.47546616283629095
0.9975923633360985 0.4509914298352197 126

1.0 0.5
0.9975923633360985 0.4509914298352197 

0.9975923633360985 0.5490085701647803
0.9975923633360985 0.4509914298352197 

0.9784701678661044 0.6451423386272311
0.9975923633360985 0.4509914298352197 

0.8865052266813684 0.8171966420818227
0.9975923633360985 0.4509914298352197 

0.5490085701647804 0.9975923633360984
0.9975923633360985 0.4509914298352197 

0.002407636663901591 0.5490085701647804
0.9975923633360985 0.4509914298352197 

1.0 0.5
0.9993977281025862 0.47546616283629095 127

0.9993977281025862 0.524533837163709
0.9993977281025862 0.47546616283629095 

0.9945882549823906 0.5733652372276808
0.9993977281025862 0.47546616283629095 

0.9707720325915103 0.66844492669611
0.9993977281025862 0.47546616283629095 

0.8704755626774796 0.8357794774235092
0.9993977281025862 0.47546616283629095 

0.524533837163709 0.9993977281025862
0.9993977281025862 0.47546616283629095 

6.022718974137975E-4 0.5245338371637089
0.9993977281025862 0.47546616283629095 

